predict
-0.5216111979354182
